+6285711443196
+6285885227005
+6285882061738
+6285817158932
+6285711443196
+6285885227005
+6285882061738
+6285817158932
+6285711443196
+6285885227005
+6285882061738
+6285817158932
+6285711443196
+6285885227005
+6285882061738
+6285817158932
+6285711443196
+6285885227005
+6285882061738
+6285817158932
+6285711443196
+6285885227005
+6285882061738
+6285817158932
+6285711443196
+6285885227005
+6285882061738
+6285817158932
+6285711443196
+6285885227005
+6285882061738
+6285817158932
+6285711443196
+6285885227005
+6285882061738
+6285817158932
+6285711443196
+6285885227005
+6285882061738
+6285817158932
+6285711443196
+6285885227005
+6285882061738
+6285817158932
+6285711443196
+6285885227005
+6285882061738
+6285817158932
+6285711443196
+6285885227005
+6285882061738
+6285817158932
+6285711443196
+6285885227005
+6285882061738
+6285817158932
+6285711443196
+6285885227005
+6285882061738
+6285817158932
+6285711443196
+6285885227005
+6285882061738
+6285817158932
+6285711443196
+6285885227005
+6285882061738
+6285817158932
+6285711443196
+6285885227005
+6285882061738
+6285817158932
+6285711443196
+6285885227005
+6285882061738
+6285817158932
+6285711443196
+6285885227005
+6285882061738
+6285817158932
+6285711443196
+6285885227005
+6285882061738
+6285817158932
+6285711443196
+6285885227005
+6285882061738
+6285817158932
+6285711443196
+6285885227005
+6285882061738
+6285817158932
+6285711443196
+6285885227005
+6285882061738
+6285817158932
+6285711443196
+6285885227005
+6285882061738
+6285817158932
+6285711443196
+6285885227005
+6285882061738
+6285817158932
+6285711443196
+6285885227005
+6285882061738
+6285817158932
+6285711443196
+6285885227005
+6285882061738
+6285817158932